637641175948763136
637651487762554881
637666734300905472
637668142110654468
637708370129125377
637807521500020737
637857585652076544
637859860017647616
637923877423742977
638045103861465088
638141885022736385
638159273072062464
638172841284866053
638175116145377280
638198267013169153
638218790539407360
638270737502105600
638393198201696256
638394988892520448
638399901349621760
638453810093006848
638481185275052032
638575315770478593
638626774503415808
638640306905190400
638775649193361409
638783969568366593
638797155428339712
638813699927621632
638822443352612864
638823054353694720
638890534073954304
638901502791184384
639074935240065024
639087527165497344
639093319516205057
639093919024742400
639121090652930048
639162337513988097
639191969349148672
639234985568960512
639284990036078592
639331098372124672
639607684833128449
639703605705113600
639708225927929856
639713042201190400
639768346708185089
639820972766445568
639867771812188160

